4
3
5
4
4
1
4
4
1
2
4
2
5
4
5
7
6
5
6
7
7
6
5
4
6
5
4
4
2
5
8
12
9
6
7
9
11
6
5
7
9
3
5
4
4
9
11
12
13
9
14
11
14
11
2
3
1
3
13
13
17
19
14
20
11
16
16
9
8
1
4
7
9
9
13
16
20
21
15
15
10
10
7
3
1
5
14
15
16
17
18
18
22
11
15
10
8
2
3
10
10
12
9
23
24
20
21
16
12
7
5
3
1
10
8
10
15
9
18
20
15
9
9
10
4
4
3
2
10
10
13
17
14
12
18
16
13
11
9
2
1
2
9
10
9
18
10
17
12
14
17
7
5
5
2
8
11
6
10
7
8
9
10
4
7
8
8
5
5
6
7
8
4
9
5
3
5
5
7
5
7
1
4
4
3
1
3
1
4
3
3
5
3
1
4
5
